"time"	"n.risk"	"n.event"	"n.censored"
0	73	0	0
0.0175438596491228	73	0	0
0.0350877192982456	73	0	0
0.0350877192982456	73	0	0
0.0526315789473684	73	0	1
0.684210526315789	72	0	0
0.701754385964912	72	2	1
1.70175438596491	69	0	0
1.71929824561404	69	0	0
1.71929824561404	69	0	0
1.73684210526316	69	0	0
1.73684210526316	69	0	0
1.75438596491228	69	0	0
1.75438596491228	69	0	0
1.7719298245614	69	0	0
1.7719298245614	69	0	0
1.78947368421053	69	1	0
1.78947368421053	68	0	0
1.80701754385965	68	0	0
1.80701754385965	68	0	0
1.82456140350877	68	0	0
1.82456140350877	68	0	0
1.84210526315789	68	0	0
1.84210526315789	68	0	0
1.85964912280702	68	0	0
1.85964912280702	68	0	0
1.87719298245614	68	0	0
1.87719298245614	68	0	0
1.89473684210526	68	1	0
1.89473684210526	67	0	0
1.91228070175439	67	0	0
1.91228070175439	67	0	0
1.92982456140351	67	0	0
1.92982456140351	67	0	0
1.94736842105263	67	0	0
1.94736842105263	67	0	0
1.96491228070175	67	0	0
1.96491228070175	67	0	0
1.98245614035088	67	0	0
1.98245614035088	67	0	0
2	67	1	0
2	66	0	0
2.01754385964912	66	0	0
2.01754385964912	66	0	0
2.03508771929825	66	0	0
2.03508771929825	66	0	0
2.05263157894737	66	0	0
2.05263157894737	66	0	0
2.07017543859649	66	0	0
2.07017543859649	66	0	0
2.08771929824561	66	0	0
2.08771929824561	66	0	0
2.10526315789474	66	0	0
3.66666666666667	66	0	0
3.68421052631579	66	1	0
3.68421052631579	65	0	0
3.70175438596491	65	0	0
3.73684210526316	65	0	0
3.75438596491228	65	1	0
3.75438596491228	64	0	0
3.7719298245614	64	0	0
5.35087719298246	64	0	0
5.36842105263158	64	1	0
5.36842105263158	63	0	0
5.3859649122807	63	0	0
5.73684210526316	63	0	0
5.75438596491228	63	1	0
5.75438596491228	62	0	0
5.7719298245614	62	0	0
6.59649122807017	62	0	0
6.6140350877193	62	1	0
6.6140350877193	61	0	0
6.63157894736842	61	0	3
7.6140350877193	58	0	0
7.63157894736842	58	1	0
7.63157894736842	57	0	0
7.64912280701754	57	1	0
7.64912280701754	56	0	1
7.66666666666667	55	0	0
7.66666666666667	55	0	0
7.68421052631579	55	0	0
7.71929824561403	55	0	0
7.73684210526316	55	0	0
7.8421052631579	55	0	0
7.85964912280702	55	2	0
7.85964912280702	53	0	0
7.87719298245614	53	0	4
9	49	0	0
9.01754385964912	49	2	0
9.01754385964912	47	0	0
9.03508771929824	47	1	0
9.03508771929824	46	0	0
9.05263157894737	46	0	0
9.05263157894737	46	0	0
9.07017543859649	46	0	0
9.07017543859649	46	0	0
9.08771929824561	46	0	0
9.10526315789474	46	0	0
9.12280701754386	46	0	0
9.12280701754386	46	0	0
9.14035087719298	46	0	0
9.14035087719298	46	0	0
9.1578947368421	46	0	0
9.19298245614035	46	0	0
9.21052631578947	46	0	0
9.2280701754386	46	0	0
9.24561403508772	46	1	5
10.859649122807	40	0	0
10.8771929824561	40	0	0
10.8771929824561	40	0	0
10.8947368421053	40	0	0
10.8947368421053	40	0	0
10.9122807017544	40	0	0
10.9122807017544	40	0	0
10.9298245614035	40	0	0
10.9298245614035	40	0	0
10.9473684210526	40	1	0
10.9473684210526	39	0	0
10.9649122807018	39	0	0
10.9824561403509	39	0	0
11	39	0	0
11	39	0	0
11.0175438596491	39	0	0
11.0175438596491	39	0	0
11.0350877192982	39	1	0
11.0350877192982	38	0	0
11.0526315789474	38	0	0
11.0526315789474	38	0	0
11.0701754385965	38	0	0
11.0877192982456	38	0	0
11.1052631578947	38	1	0
11.1052631578947	37	0	0
11.1228070175439	37	0	0
11.1228070175439	37	0	0
11.140350877193	37	0	0
11.140350877193	37	0	0
11.1578947368421	37	0	0
11.1754385964912	37	0	0
11.1929824561404	37	0	0
11.2280701754386	37	0	0
11.2456140350877	37	1	1
11.859649122807	35	0	0
11.8771929824561	35	0	0
11.8947368421053	35	0	0
11.9122807017544	35	2	0
12.8421052631579	33	0	0
12.859649122807	33	0	0
12.859649122807	33	0	0
12.8771929824561	33	0	0
12.9122807017544	33	0	0
12.9298245614035	33	1	0
12.9298245614035	32	0	0
12.9473684210526	32	1	0
12.9649122807018	31	0	0
12.9824561403509	31	0	0
12.9824561403509	31	0	0
13	31	1	0
13	30	0	0
13.0175438596491	30	0	0
13.0175438596491	30	0	0
13.0350877192982	30	0	0
13.0350877192982	30	0	0
13.0526315789474	30	0	5
15.5614035087719	25	0	0
15.578947368421	25	1	0
15.578947368421	24	0	0
15.5964912280702	24	0	1
16.280701754386	23	0	0
16.2982456140351	23	0	0
16.2982456140351	23	0	0
16.3157894736842	23	0	0
16.3157894736842	23	0	0
16.3333333333333	23	0	0
16.4035087719298	23	0	0
16.4210526315789	23	1	0
16.4210526315789	22	0	0
16.4385964912281	22	0	0
16.4385964912281	22	0	0
16.4561403508772	22	0	0
16.4736842105263	22	0	0
16.4912280701754	22	0	0
16.4912280701754	22	0	0
16.5087719298246	22	0	0
16.5087719298246	22	0	0
16.5263157894737	22	0	1
16.7719298245614	21	0	0
16.7894736842105	21	1	0
16.7894736842105	20	0	0
16.8070175438596	20	0	0
16.8070175438596	20	0	0
16.8245614035088	20	0	0
16.8245614035088	20	0	0
16.8421052631579	20	0	7
20.1052631578947	13	0	2
20.1228070175439	11	1	0
20.1228070175439	10	0	0
20.140350877193	10	0	0
20.140350877193	10	0	0
20.1578947368421	10	0	0
20.1578947368421	10	0	0
20.1754385964912	10	0	0
20.1754385964912	10	0	0
20.1929824561403	10	0	0
20.2105263157895	10	0	0
20.2280701754386	10	0	3
23.8070175438596	7	0	0
23.8245614035088	7	0	0
23.8245614035088	7	0	0
23.8421052631579	7	0	0
23.8421052631579	7	0	0
23.859649122807	7	1	0
23.8947368421053	6	0	0
23.9122807017544	6	0	2
31.4736842105263	4	0	1
31.4912280701754	3	0	1
31.6140350877193	2	0	0
31.6315789473684	2	0	0
31.6666666666667	2	0	0
